4294967278,14
4294967278,13
4294967278,12
4294967278,11
4294967278,21
4294967278,20
4294967278,19
4294967278,18
4294967278,17
4294967278,16
4294967278,15
4294967278,332
2,2
4294967279,527
4294967294,417
4294967294,52
4294967294,83
4294967278,36
4294967278,35
4294967278,34
4294967278,33
4294967278,32
4294967278,31
4294967278,30
4294967278,29
4294967278,28
4294967278,27
4294967278,26
4294967278,25
4294967278,24
4294967278,23
4294967278,22
4294967279,25
4294967279,23
4294967279,22
4294967279,21
4294967279,19
4294967279,18
4294967279,17
4294967279,16
4294967279,15
4294967279,13
4294967278,331
3,2
4294967278,192
2,6
4294967278,132
4294967278,131
4294967278,130
4294967278,129
4294967278,128
4294967278,127
4294967278,126
4294967278,125
4294967278,124
4294967278,123
4294967278,122
4294967278,121
4294967278,120
4294967278,119
4294967278,118
4294967278,117
4294967278,116
4294967278,115
4294967278,114
4294967278,113
4294967278,112
4294967278,111
4294967278,110
4294967278,109
4294967278,108
4294967278,107
4294967278,106
4294967278,105
4294967278,104
4294967278,103
4294967278,102
4294967278,101
4294967278,100
4294967278,99
4294967278,98
4294967278,97
4294967278,96
4294967278,95
4294967278,94
4294967278,93
4294967278,92
4294967278,91
4294967278,90
4294967278,89
4294967278,87
4294967278,86
4294967278,85
4294967278,84
4294967278,83
4294967278,82
4294967278,81
4294967278,80
4294967278,79
4294967278,77
4294967278,72
4294967278,65
4294967278,58
4294967278,53
4294967278,45
4294967278,40
4294967279,275
4294967279,20
4294967279,14
4294967279,12
4294967279,11
4294967279,10
4294967279,9
4294967279,8
4294967279,7
4294967279,6
4294967279,5
4294967279,4
4294967279,526
3,4
4294967294,12
4294967294,126
4294967294,50
4294967278,330
4294967278,78
4294967294,81
4294967294,127
4294967294,18
4294967294,61
4294967294,68
4294967294,11
2,5
4294967279,525
4294967294,1079
4294967279,524
4294967279,523
4294967278,329
4294967278,76
4294967278,188
4294967278,328
4294967278,75
4294967278,186
4294967278,327
4294967278,73
4294967278,326
4294967278,74
4294967279,522
4294967279,521
4294967279,520
4294967279,519
4294967278,325
4294967278,71
4294967278,324
4294967278,70
4294967278,181
4294967294,1246
4294967278,323
4294967278,68
4294967278,322
4294967278,69
4294967279,518
4294967278,179
4294967278,180
4294967278,321
4294967278,260
4294967278,67
4294967278,320
4294967278,66
4,1
4294967294,425
4294967279,517
4294967279,516
4294967279,515
4294967278,319
4294967278,64
4294967278,318
4294967278,63
4,4
4294967278,173
4294967294,1163
4294967278,317
4294967278,61
4294967278,316
4294967278,62
4294967279,514
4294967278,315
4294967278,60
4,5
4294967278,314
4294967278,59
4294967279,513
4294967278,171
4294967294,8
0,5
4294967294,89
4294967279,512
4294967279,136
4294967278,313
4294967278,57
4294967278,168
4294967278,312
4294967278,56
4294967278,166
4294967278,311
4294967278,54
4294967278,310
4294967278,55
4294967279,133
4294967279,319
4294967294,482
4294967294,113
4294967294,397
4294967294,456
4294967294,119
4294967279,318
4294967279,317
4294967278,309
4294967278,52
4294967278,163
4294967278,308
4294967278,51
4294967278,161
4294967278,307
4294967278,49
4294967294,7
4294967278,306
4294967278,50
4294967279,316
4294967278,160
4294967278,305
4294967278,48
4294967294,481
4294967278,158
4294967278,304
4294967278,46
4294967278,303
4294967278,47
4294967279,315
4294967279,314
4294967294,480
4294967279,313
4294967278,302
4294967278,44
4294967278,155
4294967278,301
4294967278,43
4294967278,153
4294967278,300
4294967278,41
4294967278,299
4294967278,42
4294967279,312
4294967279,311
4294967294,479
4294967279,310
4294967279,309
4294967278,298
4294967278,39
4294967278,297
4294967278,38
4294967294,478
4294967278,296
4294967278,295
4294967278,37
4294967279,308
4294967294,396
4294967294,1243
4294967294,407
4294967294,179
4294967294,415
4294967294,384
4294967294,1085
4294967294,411
4294967294,168
4294967294,1242
4294967294,403
4294967294,418
4294967294,118
4294967294,169
4294967294,454
4294967294,477
4294967279,307
4294967279,306
4294967278,294
4294967279,305
